448 LITTERAE QUADRIMESTRES

133305; 166 6333 306116 333 116103 spiritual 3 105 31161705; 57 1165
116265 63 13 5631333 56 35733133 10305 105 Res y 1161133305 3 135
3116176 36 13 306116 57 61 pss Myron 165 3013 61 evangelio , 036 31
(113 5111316316 116363 36 13631131, 57 demanda 3 6333 330 636313
(16111355330, 111316330 10 036 513110 y 6111101766110 036 113 536330
(16 13 31631136103, 11313 56 1335 311101766113151 ayudar unos 36 105
5631113163105 36 105 01105; y 10 1315130 16361305 31 domingo y
fiestas 3 13 306116, 30336 65 general 35733133116310 31 503 (16
631311333 513 131131 11133330, 57 56 1131311 13361135 60535 6511111-
133165 63 6113, 57 56 111363 161363105 11313 135 16313610365; 57 105
1335 1161133305 503 1603111305 por 135 63313135 conforme 3 5115
1363113365 11313 56 3135 3573331 63 135 161135, 36 135 0113165 11326
61 P.e mucha 6116313 y haze 16361· 1336110 63573330 (16 proposito
3 63(13 uno 63 61 3111631161 57 65133131, y 105 1161313305 1131666
036 33333 1335 vivos y 6011 1335 vigilanoia 611 56 3313 135 161135
0116 (16 33165, 31130116 516311116 611 5115 1363113365 1116103 105 0116
1161731133 11631333 3 5115 condiscipulos, y 611116 10305 6133 5633-
13305 65105 por 561 36 105 31630165 ingenios (16 13 1131176151333ς
1101036 3 65105 5161111116 3163361305 11313 0116 105 60133105 11313
Dios; como 1313111611 1101 511 63573330 57 603161636135 611 6353,
31130116 tengan menos 11613110 1101 135 spirituales 0663113610365,
y Dios 11113611131316316 105 3571133, 111165 11313 603 61135 10 servir
trabajan.

El Ρ3316 M.0 Myron va 516131116 3 135 1611611610365 36 105
theologos, 63 135 0113165 demanda muy 651166113 6116313 3 63(13
1130 361105, 36 1333613 0116 65 3666553110 11 133 3331613305 60130
si 13 11311165563 36 1661; y despues (16 repetis, haze sobre 61135
argumentar3 10 mismo haze 113261 sobre 135 01135 1363113365, y
11636 63 63(13 una 111651363165 036 hagan 10 mismo 036 61 11326
3105 Theologos. Tienen 1311111163 105 31601οξ05 305 116265 603-
613510365 63 13 5613333, 63 61 3361765 57 61 domingo, y 65133 611
61135 305 57 1165 110135, 57 10305 van aparejados para argumentar,
57 argumentan 105 que 61 Ρ3316 133333; 36 1333613 036 603 13
357333 361 56301 van muy 33613316 63 61 exercicio del 65111310 y
51631656 1336110 3111017661131316310.

Contra 135 131135 1153 61 Ρ3316 de 116311636135 63 61 1616610-
110, 60310 1311111163 1101 01105 (1656357305 57 115761105; y 1315561
Franco 113 11311330 363 61011610 36 mortificas, 0116 311311636 An-
tonio Rion , y (11263 105 0116 de 3113 111316103 036 10 11366 mejor.

