,4636 LerERAE QUADRIMESTRES

han 5631130 11136110. Μ35 plugo al 56301 336, 17011716330 61 1161·-
13330 Χ313ν13, 1131316330105 361330 63 61 Colegio 36 Coimbra
muy 1336305 y 6035013305, 13656 3 17151131 135 1333165 113176330-
165 631135 36 535 111105, 13 333 3 1363131013333 36 3331, 13 0113
εἱ 305 y media, 336 ‘se 36035013563 13310, 336 31165611 65131· muy
contentas y 113661 ἒ3136135γ 3 Ν365110 56301· 1301· 61 beneficio
grande 3116 113613 3 5115 111105 36 33616156 servir 36 61105, rogan-
30305 3136110 336 535 63535 1011161305 1301 propias, 3116 63 61
mismo lugar nos 1633133 60310 3 5115 111105, 36563330 1336110 336
1101 3113 [36563105 13313 3131·ον66113156 611 535 6513111135. La 336
6513 3 11163131013333 (16 3331, (136 65 Morviedre, rog& 31 Her-
13330 Χ313ν13 (1116 1105 311656 (1116 105 3116 1301 3111 13353561305.
(516330 13350 13313 1331661033 y Zaragoza) que nos 1633113 3133-
161330 61 313056310 36 511 11110, y agora 1116 31663 3116 36 511 11110
6513 13163 603501333; 11135 36 10 336 11636 13633 65 (16 11113 11113
5013, 336 16 33633, 336 331616 561 11101113, 516330 13 313316 muy
rica. V. R. por amor (161 56301 135 tenga por 61160316333335.

ΕΙ 133316 y madre 361 otro, 336 3331 651311, 336333 1311 603-
’ 5013305 336 65 13313 3131331 3156301. Μ6 3110 61 0110 (113 61133316
336 13 63113, 336 1131113 166111130 (16 53 11110, 110 1131313 1303130
3631331 36 1661 1301 135 1113113135, 336 16 1716363, 36 3163113,
6331130 56 130116 3 1661135. 13633110 563 61 561101, 133316 36 1033
601150136103.

1365131165 36 esto 61 vicario 36 Ι336513, 336 65 33 110311316 36
33311333, 351 130113 dignidad 336 116116, 336, 333336 56 1131116
17163110, 65 61 13101310 1335101, y tiene mucha 16313, 601110 1301336
65 1336110 3361130 36 1111161105 5630165, Vino para 113661 105 6161·-
616105 6011 33 63303130 36 61161113, amigo suyo, 61 61131 ya 105
1131313 1166110 y venia para acompafiarle. Ε1111Ζο 105 6161616105Δ
63 3365110 Colegio 6611330, 36131130 135 17651133135 36 5633 336
11313 y sus 6113305 63 6353 36 33 53 amigo: y 56 60316310 6011
1301316 vivir y que uno 36 105 1161133305 13171656 cal-go 36 61.
Tuvo gran 6030611316310 y dolor 36 53 vida 1335333, 13 6331
habia 5130 algun tanto 31501313 y profana, y 1110131150 16101·-
133156 y 113661· 333 3116173 vida 63 61 eargo que 161113, 3011633016
13116110 30 561 36 3336113 6333 31 16361 33361135 partes, que 56
163316163 para que, 361333010 1030, 56 13351656 63 13 6031133313;
y 351 56 fue 603 muy santos propositos, y 63 Ι1ἲ6513 y 63 otro-s
lugares 336 11636 3611310 36 53 131153166103, 56 503 muy 6311163»-

