62 LITTERAE QUADRIMESTRES

01603173, 06013 3 5113 65111013 6116001111356 30 5011131. Sabendo
isto 00 0113116, 1111 Comendador et principal 03 0116113 16113, 00
11111113 111510οί3 0 0116113 161731 0313 0353, 6117611000 111510 1111001·-
111110, 1116 fogia, 110056 00 51135 651110135 3 11113 511176113, 0116
6513173 fora 03 171113, 01106 05 0113005 03 0116116 1103100 0 sot-510
1111 013 0656111001731, 1617311000 11160 001 10103 3 0353 00 5611 56-
111101; 61 1100 querendo elle ir 561100 30 6501131, 1116 111ᾶο3173 06
0011161 em barrella de prata, 01106 30 pobre Nobrega 56117130
00 110 11311616 113 11100, 001110 3 5611 56111101. Das 0160303065 0116
sez 1130116116 111031 00 01006 zelo 035 3111135, 11130011 00 3113 voz
justiea de Deos sobre 10005 05 0116 651317311 6111 06003005 pubri—
005, prometendolhes que 56 1130 61101603νῆ0 061165, 0116 3 00113
06 03031111 1113 031 170265 06011100 31151103 06 Deos sobre 30116113
0353, 110 0116 1116160 010015511110 medo 30 00170 61 foi 031153 06
11111113 611161103.

Em 011110 111031, 0116 6513173 1000 00510 6111 11311005, 3031331100
de 016031, 56 06060 00 01110110 61 56 005 (16 01011105 entre 61165,
060100011165 00 01006 1351311013 0116 10005 10556111 31111005, 61 01-
061100 061000 3 has por parte dos 0111105, soi 031153 0116 10005 50
00556111 06 01011105 61 0101556 061000 11115 305 0111105. Α551 0116
116516 111031 61 6111 10005 05 0111105 por donde 3110011 fez 111111105
3111123005 61 11111110 010176110 1135 3111135; 00111 10031713 35 176065 110
065011111310 01111110311161116, ne deesset illa pt‘czerrogativcz apo-
stolica, videlicet, pro nomine sese! contzmzelimn pati.

Na 171113 06 Covilhz‘t, 0116031100 3111 Nobrega 00 fome et 0311-
5300, 1110056 1000 3 016031, 01301161011 131110 0116 561116 53100 03
01603030 manifestamente 1110511311οο 0116 11165 0650016013113. Ο
011110 (113 (11556 0 133016 30 Cura que 01Ζ6556 30 00170 0116 313106
avia de 016031; 110 Cura, 311103 6111303οΟ (13 00111111530 0355303,
11165 01556 0116 6111 131 101613 01603173 0 0161100 0300, 0116 bem no
000130 11 ouvir, 11135 0116 001100 3010176113113 0010116 113 fim 6110
1100 01213 11303. Αο311303 113 01603030, 1103100 10005 13111 0010-
105 61 53115161105, 0116 1116 1003100 61 0601100 00 1111111311151311013
0116 1103556 3111 001 31οῡ tempo, que 56 00165531100 10005; 61 fize-
100 03111313 3550131100 0116 0 1113110355611 06011· 3 61 Rei, 61 17111-
0056 13 0 Ρ3016 Nobrega, lhe 11131101οο 30 03111111110 05 01111010365
03 171113 06011 0116 011156556 1011131 61 65131 3111 30 11161105 5615
1116565, 61 0116 61165 00 1003 3 villa 56 00165531130 0303 0110 0135.
Em fim que 56 6111 principio foi 11111110 110 06500101311161110 0116

