ΑΝ. 1547 (13

06116 1101130, foi muito maior ho 601613016010 (106 (1611015 11176-
1·30; 61 3551 56 601“653130 11101105 61 56 162 03 (1116113 171113 100110
56117160 3 Νο550 5601101. Ηΐι Α11306 06 muita 16003, (1116 vive
610 Ρ101161, 53116000 0 Ρ3016 Nobrega que estava 110111163106016
em 11666300 60 1103 10011161 635303, 110 31131100 em 503 6353 61
110 3111065100 1111106110 60 1131317135 11130035; 61 176000 (106 030
aproveitava, 053000 06 560 2610 6051010300, 060 1310 31135 vo-
265, (106, 001710000 0005 Clerigos 06 6353 61 00113 gente, 36001-
130 61 110 13063130 fora 06 6353 305 11011011065. A 1103 10011161,
(1116 06506 1060111113 613 0610001011303 61 1116 1710113 0 06100010
fallar 3 0161113 1000 0 que (1116113 que 1126556; 0111710003 06 600-
165530, 1116 01556 (106 030 00171556 01315 60053, (106 0 demonio 1116
01116556, 61 (11161116 165110006556 (106, 56 (10156556 311103 60053,
(1116 fosse 3 Nobrega; 656161760005 (106 1116 030 171613 10315.

Depois 06 13 651316 algsi tempo, 0130000 110 Ρ3016 Μ65116
511030 vir ho Ρ3016 ΜΟ1·6113 11313 6516 Collegio, 0006 60100 1760,
160 1103 113116 03 5101301 305 grammaticos 60 13013 diligentia,
como 56 1613 3111035 grades materias. Depois 160 113 16166113
113116 (16 530610 Thomas 05 536131060105 60 muito ingenho 61
(10611103. 0600 05 36311313 61 6001606313, segundo 106 1131666,
3 prima secundae. Et 1510 0106000 110 133016 Μ65116 510130, 1101-
(1116 035 656110135 16111 tam (16 vagas (106 3176113 1065161 1110110
tempo 11313 1135531 1000 530610 Thomas, 56 56030 00171556 56030
110 (106 13 1610. Ε1 (16513 10306113 6160 (1116 11313 1000 1610110 (13
65601351163 3113513130 1165 30005, 61 60 10315 (105 03 Ε56111111113,
005 11006130 130631 17031, 3176000 35 1111101165 61 0656105, que
11313 131 610111653 56 16110616.

Os Ρ301·65 Αο10010 (300162 61 0006310 Vaz, que 13 65131730
em 530 Fins 113 11311103 (16 Vossa Η617616063, 56000 13 1113003-
005 1101 63053 06 5035 100101103065 1101 56 sefacere dos 113113-
11105 (10 6510010 61 06 6353, 6010606300056 3 361131 11610, 53113056
3 030110113 11313 13261 311 algsi frueto, 0006 Νο550 5601101 (1015
13010 011131 1101 61165 (106 1003 3 171113 060 1103 170113, 6001655311-
0056 1003 61 (10603000 60 60510106 06 56 confessas 61 6010οξ31
1011110 3 106006; 61 10005 05 dias que 311 6511116130 60016553130 cin-
(1116013 11655035 6303 013 110060 10315 00 106005, 61 1126130 11101135
113265 1116113000 61 11131163000 3 doctrina 6303 013. 001550 616660-
11165 13010 0 fervor 61 0 2610 06 311101761131 35 066655113035 almas,
que por aquellas partes 113, (1116 0611015 06 3111 651316 algas dias,

